21799
21832
54613
152918
54620
21854
54623
21858
54636
21869
54652
54666
21899
54706
54720
21958
54735
54738
21975
54744
54748
21989
54761
54769
22003
22011
22027
54806
54828
54829
22077
22097
54866
22124
54892
22134
22151
22156
22157
22168
22172
22188
54961
54962
22203
54982
22220
22244
22262
55043
55047
22295
22297
22300
55069
22316
55096
55099
55104
55106
22347
55115
22359
22362
55129
22364
55136
22369
55153
55155
22395
22394
22402
22413
55189
55190
22446
22458
22460
22462
55236
22469
22470
55247
55248
22484
55264
22502
55270
22507
22509
22512
55281
55284
22527
22541
22581
153655
22601
22618
153710
22647
153726
22657
22682
22683
22690
22691
22702
22717
22727
22728
22754
55532
22775
55547
22798
22804
22820
22834
22838
22840
22850
22863
22885
22894
22900
22904
22921
22926
22931
22937
55706
22976
22991
22992
55766
23029
23049
55819
23057
23068
23078
23096
23116
55891
23142
23149
23161
23171
23190
154324
56035
23268
23275
23286
56077
23311
56106
23368
23374
23387
23393
56172
23409
23410
56190
23442
56229
56252
23492
23496
23498
23515
56294
23532
56302
23535
23545
56322
56327
56328
23575
23614
23620
56388
23624
23629
56403
23650
56418
23657
23686
23703
23763
23766
23774
23820
23865
56638
56647
56675
23913
56683
56694
23948
56723
56740
56745
23985
24023
24028
56871
56898
24151
24213
57032
57052
24298
24319
57087
57111
57118
57137
57141
24440
24441
24477
57277
57307
57317
24586
24589
57376
24638
24652
24657
24700
57468
57494
24730
24740
57507
24749
24766
57537
24796
57567
57584
24880
57667
24929
24936
24954
57780
25022
57793
25068
25108
25111
57907
25148
25181
25184
25260
58067
25358
58138
25371
25372
58173
25415
58188
25509
58323
58329
25575
25581
25592
25612
25637
25655
25660
25667
25678
25715
25720
25738
25740
25748
25753
25761
25763
25770
25786
25795
25837
25841
25844
25855
25869
25873
25883
25914
25931
25940
25943
25952
25955
25967
25977
25980
25997
26004
26038
26054
58820
26057
26058
26063
26079
26121
26156
26159
26190
26224
26237
26239
26241
26254
26265
26288
26328
26342
26343
26378
26381
26407
26413
26446
26447
26450
26467
26471
26478
26502
26503
26526
26531
26538
26541
26546
26547
26549
26551
26561
26582
26585
26630
26658
26662
26672
59439
59455
26688
26694
26716
26718
59492
26778
26787
59570
59582
26819
26838
26876
59659
59675
26914
26938
26941
59710
59717
26970
26974
59747
26988
59766
27021
27029
59803
59829
59842
59895
59904
27163
27168
27173
59953
27232
27240
27253
60038
27292
60064
27299
27313
27321
60092
27328
27330
27360
60129
60157
60167
60193
27447
27451
60220
60241
27475
27495
27508
60284
27553
27559
60326
27564
27565
27570
27585
60354
27602
27623
27640
27659
60427
60431
60446
60464
60475
27715
60514
60587
60630
60664
60669
27930
60765
60825
60880
60885
60969
60979
28239
61012
61081
28319
61090
61097
61145
61153
28408
61194
61215
61221
28502
61327
61414
61429
28690
28693
28701
61495
61506
28757
28775
61553
28786
61555
28824
28852
61620
61650
28885
28886
28907
28944
61714
28971
28979
29003
29006
29016
29097
29104
29110
29120
29164
29197
62009
62021
29259
62194
62195
29452
62246
62282
62314
29605
29646
62417
29664
29702
62490
29723
29727
62500
29750
29756
29758
62532
29774
29782
62550
29787
29813
29818
62594
29832
62607
62611
62631
29868
29873
29891
29898
62668
62685
29921
62695
29930
62712
29954
62723
29964
29967
62735
62744
29981
30000
30009
30013
62789
62795
62799
62802
62807
62811
62812
30048
30056
62831
30066
30070
30076
62857
30097
30098
62872
30108
30117
62902
62905
30149
62928
30188
62966
30202
62978
30212
62982
30215
30219
30238
30244
30278
30283
63068
30305
63072
30311
30343
63112
30346
63117
63131
30366
63141
30377
63149
63160
30394
30403
63179
30419
63191
30437
63210
30449
63217
63219
63241
63264
30497
30503
63285
63287
30523
63293
63294
30537
63318
30560
63346
63362
63365
63377
30615
30622
63402
63403
30639
63410
63417
63428
63431
63442
30677
63452
30691
63460
63468
30741
30798
30836
30880
30900
30909
63780
31050
63829
31103
31108
31151
31208
31214
63989
31223
31241
31273
31277
31298
31376
64201
64208
64223
64224
64228
64241
64260
64261
31547
31631
64415
64426
31662
64442
31743
31776
31789
31798
31834
31835
31837
31845
31864
31874
31882
31892
31911
31917
31937
31950
31957
31964
31965
31972
32022
32046
32048
32049
32050
32059
32075
32136
32155
32182
32220
32238
32257
32267
32330
32338
32354
32355
32385
32393
32402
32446
32453
32472
32484
32534
32546
32547
32560
32563
32577
32612
32614
32671
32672
32678
32696
32710
32736
32744
32746
32760
393216
131079
32775
32776
32778
196621
196624
393233
393234
393235
327698
32790
262168
393241
32792
32795
393246
32799
327713
32802
32803
327716
262181
393258
196658
131127
32823
393274
393279
393286
131144
327752
393290
262218
393291
32846
32847
262226
131156
32854
393304
131161
327772
262237
32864
32866
32872
32877
393326
262256
393329
32887
262266
393340
393341
32894
393348
262277
393350
327812
393353
196745
393356
32908
32915
32916
32917
393366
32924
196765
393374
393375
131236
32936
32942
32943
393396
32951
262328
393400
32952
32957
32958
393407
196810
393420
32973
32977
393426
327894
393432
327898
393437
262366
393439
32991
32992
32996
327909
131303
32999
393449
196839
393456
33010
131316
393462
33016
393465
131322
262397
33023
327936
393478
196870
262412
262413
393486
393484
393488
33039
196879
393492
196890
327963
393500
33054
393507
262435
393512
393516
327981
327982
262448
262455
33080
196924
33087
33095
393546
262475
33100
393549
196938
393551
328015
196945
393555
328019
393557
393558
328020
33112
328022
33116
393565
196956
393568
328032
393570
262499
393571
262501
328039
196967
328041
393579
33134
262512
393585
393584
262518
131447
393592
131448
33149
33151
393602
393605
393606
328074
262540
33168
262545
33173
33174
393638
393640
393641
33193
33194
262572
197036
393647
33202
393651
393669
197062
33229
393680
262609
393682
393685
393687
393689
197081
393697
393698
393700
33256
393706
328170
393710
328174
197107
393716
393717
393722
33277
262655
33282
393732
131589
33284
33288
131593
328209
393747
197140
33304
328216
328220
33309
33313
393763
197156
393765
393769
33326
393777
131634
131636
262710
131644
131645
131646
393791
33341
33344
33345
393795
328252
131659
393806
131663
262738
131667
393813
197209
393819
328285
33376
393826
393827
393831
328296
262762
393835
197226
33390
197230
33394
33395
33398
328310
262778
393852
262786
197252
393869
393871
328336
33426
33428
66196
33430
33433
33434
393887
131744
393888
197282
393898
328365
393904
393909
393919
393920
393922
393924
393925
33476
33480
393929
393930
33482
33487
33492
197334
393946
393948
393952
393954
197347
262885
33512
393971
262900
197365
33534
393989
393990
393991
33543
393997
197389
394001
33553
197394
328467
33557
33563
394020
262949
197415
394024
33577
394035
33587
394037
197429
262967
131896
33599
262978
33603
33606
394055
33608
262985
394060
262990
262991
394064
33615
262994
328528
131930
394077
33630
33631
131938
197477
197479
197480
33642
197482
33644
394093
33645
197483
197485
394098
197491
33656
131963
394108
131966
394110
394112
131973
33669
394119
33672
33673
33674
263053
131982
197518
263059
131987
394133
394132
328595
263065
33691
131996
394142
394144
197537
394146
33705
263083
394157
394158
33709
132016
33710
33712
197551
132022
394171
394176
197573
33737
394186
328657
394196
263128
394210
328674
394216
132077
1017
328699
394240
394242
394246
263175
394248
197638
197639
263179
328716
33806
394259
328728
263200
394272
394274
394275
263212
197678
394287
394290
394293
33845
394301
394302
394303
328780
263246
394318
394320
394321
394327
394331
263260
197727
394337
197731
394342
394347
394352
33904
394355
328825
394365
197764
263301
328840
328841
197777
328850
394389
394400
394401
33962
328874
263341
33967
328882
394419
394420
197814
394424
197816
394427
394430
197825
394442
394448
328915
132309
394456
34009
394459
34015
394467
263396
328934
394472
328948
132341
132342
197876
1277
197889
132354
197891
197899
263438
132369
328983
197914
263452
328991
34081
197922
132388
263461
197927
132394
34102
197949
132424
34125
197965
34127
132435
34133
263511
34141
329053
34144
34146
197990
329063
263528
197997
263536
34169
198011
198012
198013
132479
198016
34178
34183
329097
394634
198030
34193
34197
198037
198041
198045
329119
34210
132529
132530
132533
132537
34235
132546
198083
263621
34247
198089
329166
34259
329176
34265
198104
394721
329206
132599
198139
34300
329212
198148
34311
34312
263691
329239
329240
34330
198188
34358
263735
198205
198206
329278
198211
34373
198214
329291
34381
132686
34386
198228
198232
34407
263784
198251
34414
198260
263807
329344
329346
132739
34437
132742
34439
198288
34450
198291
34453
198293
34456
198297
329376
34470
198311
198312
329386
198318
329393
132789
394935
394936
198327
132797
198334
329409
34501
329414
132808
198346
198349
132816
198352
329424
198354
263898
34523
329438
198371
132839
34536
132849
34545
198386
34548
1782
34550
329465
198398
198399
198400
395009
34564
329479
263946
329485
263953
34578
132883
198424
34589
132895
132898
198434
132901
34604
263984
198452
34615
329538
34628
198468
198473
34641
329558
198493
34654
264040
329583
34674
34689
34691
264077
34701
34704
133013
133017
34714
34715
198565
34737
198577
34740
133045
34745
395195
133052
198595
34761
34764
34766
198611
34789
133104
198655
133120
133125
395270
133130
34837
34843
34844
395293
34847
264225
34853
395312
198710
264250
34875
133182
198720
133187
133188
133189
133194
34891
34892
34895
133203
198745
34906
34922
34924
34926
264309
34936
34941
34942
34944
34959
34960
198799
198800
34973
198818
264355
198823
34985
198831
133299
264372
198848
198853
133322
133326
133327
133329
35028
133333
198870
133337
264424
35048
198893
133369
35066
35070
35075
395531
264462
35086
133399
133403
133411
198951
264490
133434
198978
264519
133451
35151
35167
35170
35171
264555
199020
199023
35196
35202
199047
133513
199057
35227
133536
199073
199075
133543
395697
199090
199091
35263
199109
35271
35278
133583
133585
199121
199125
35289
264681
35315
199167
264719
35344
199184
35360
199203
199204
199221
199230
199235
264773
264785
35420
35426
199271
199272
199275
264819
133748
199283
133757
199295
35461
199306
133772
35471
133782
264862
199330
199332
35505
264891
264892
35515
264898
35522
199364
35526
199373
199383
35551
199394
199396
199403
199410
264947
199414
133880
35579
199422
35584
133891
35590
35593
199439
133905
199441
264979
264989
133918
199456
133924
133930
265005
199477
133948
133950
133952
396113
265054
199518
199520
199540
35701
35704
199544
199554
35724
199571
199579
265117
199581
199589
199597
35779
134094
199631
199635
265180
134109
35810
134119
199660
199665
199666
199676
134147
134149
134152
35848
199692
35853
134160
199699
35863
134169
35880
134187
35888
199728
199732
199744
199749
199753
134220
265292
35918
35921
199763
199764
265304
134232
199772
265310
199777
199786
35956
35957
35958
199796
199799
199800
35962
134267
35963
35965
35968
134282
35978
35981
199828
35990
199831
35998
35999
36009
36022
36023
36027
36028
36033
36035
36036
36037
199876
36041
36052
36057
134363
199902
36064
36065
199904
36068
36071
199926
36091
199932
265478
36102
36106
199946
199947
36109
199950
134417
265490
36117
36119
199961
134428
265501
265502
265503
265508
36140
36145
265526
36161
36162
36168
200008
200015
36177
265554
36188
265571
36195
200036
36201
200044
36207
36209
36213
200058
36227
36228
200072
265611
36235
134542
36239
200078
265617
36242
200083
36246
200086
200094
36257
36261
36263
36265
36266
36273
265656
36280
36286
36291
36293
200147
36317
265694
200161
36323
200164
200165
36335
265715
36340
200183
200186
36349
200197
134666
36363
265743
265745
36372
134677
265753
200217
134687
134688
200232
200249
36414
265794
200260
36427
36433
200276
200278
36440
200281
36442
265819
396894
36452
36454
265831
36457
36462
200302
36464
36472
36481
36484
134795
200331
36504
36508
36511
200351
36513
265891
36518
200358
200365
200372
36536
134842
36539
200380
265919
36543
265923
36550
36551
36553
36555
200395
200402
200409
36582
200423
200428
36589
200430
200433
36595
36596
200437
36602
200451
200454
36615
200455
200461
266006
36636
200484
200485
200487
266025
200490
200491
36652
200497
134963
36660
36661
134967
134974
200512
36674
36675
134981
200520
36690
200533
134998
200544
36706
36708
397157
135014
135015
266087
36710
200562
200567
36731
36732
36736
36737
200576
36740
200580
200585
200589
135066
200604
200605
200607
135081
266165
36792
200632
36796
135110
36808
200656
36819
36820
200676
36847
36849
36853
36860
200700
36863
266246
200712
200713
200731
266275
200748
200759
200770
36939
200783
397392
36945
200797
266336
266341
200807
200813
266358
36985
266365
135302
200843
135309
200852
397461
200856
135328
266406
200870
200879
266420
135363
200905
135372
266446
135380
266455
135406
200947
135415
135424
200961
200978
200979
200982
200991
37157
37159
201004
266560
266561
201026
135511
201047
266586
201050
135516
266591
266594
201060
135526
135529
201069
266606
201080
135553
201099
135565
135566
201101
201111
201118
37302
201142
201146
266695
201163
266700
201175
201177
135652
201188
266729
135659
201196
135668
201207
201208
201216
201225
266773
37399
201239
201246
37412
201261
266811
201284
266823
201299
397919
201319
266859
37504
201346
37519
201359
266900
266901
201372
201375
201376
37548
266927
201395
201403
266941
201405
201408
135889
201446
37628
201470
267009
201477
135943
201491
37652
37663
201506
37668
135983
201530
201532
267069
201543
201545
136020
201556
201568
201573
37740
201593
201594
201601
398213
201609
201635
201641
201647
201650
267191
201665
267212
267219
201685
398294
136161
201702
267244
201714
136189
201730
136202
136204
136205
37900
201747
201754
37918
37919
267299
267310
201791
201806
37978
267355
201820
37981
37989
201834
38000
201847
201859
267397
201864
201866
201872
201876
201878
201887
267424
38056
201896
267434
201900
267439
38064
201917
201923
38084
201924
398535
136398
201942
201947
201949
267495
267496
267511
201987
267525
201990
201991
201996
136463
136468
202006
38186
398637
398641
398644
202040
136506
202047
202052
136518
398669
398670
136537
202075
202077
267623
136552
398696
267626
398700
398707
136565
267637
398717
136574
38277
398728
398731
202123
398734
38286
398736
398743
136599
398748
398749
398755
398756
267683
398762
202154
398772
38325
202165
38327
202166
202169
202170
398779
202186
398805
398809
398815
267748
398820
202213
202217
398827
398828
202221
202224
202253
202262
38438
38439
267816
267819
202297
202307
202312
202313
136785
136786
267867
136797
202339
202340
267898
202364
38531
202371
267909
202376
202393
267930
38567
38572
38577
202418
136888
202427
202430
202445
202449
136914
136920
268006
136935
38631
38638
38644
202486
268029
38656
202498
268043
202509
202521
399130
202525
136990
202540
268089
38716
268095
38719
202562
137032
202568
202569
38732
202572
38735
137042
202591
202594
137065
202604
38768
38770
202626
202628
268172
38797
202654
202661
202670
268210
202675
137150
202686
202688
202691
38852
202694
38856
38858
38862
202707
202713
268251
137184
38888
137194
202739
268286
38914
38915
137220
202756
38924
137236
399382
202776
202784
268334
202799
137271
268344
137272
202810
268350
137280
38977
202820
268369
202847
268385
202853
202855
39022
39033
202884
39045
202889
39052
202907
202917
39083
268460
39087
268468
137399
268475
202939
39101
39102
202941
39116
39125
202978
137443
202979
39157
39162
203011
137476
203012
203017
203022
203030
137495
235804
137504
268589
399665
39217
39218
203058
137535
203089
203092
6485
137566
137567
39263
39264
203107
137576
203115
203118
203123
203126
39291
203132
39296
268676
203148
39310
39311
203163
203165
6565
203175
203177
268716
203184
39364
203204
399818
39372
39373
39374
39378
39383
39391
39397
39405
39416
203256
203258
39419
203262
399882
203274
203277
203278
268821
268822
399894
399893
203302
203305
268848
39477
39479
39480
137785
39482
39493
203347
203348
137814
137819
203367
39534
137841
137857
39566
39567
39570
39578
203420
203421
39583
203429
203432
203434
39599
39600
203441
268979
203443
268983
268989
203466
39628
39630
137937
39634
203478
39640
137945
203483
203485
39650
269037
39671
137991
203528
39691
269076
39700
203544
39719
138032
138033
39734
39735
203574
203577
39738
203598
203605
39771
39775
39780
203621
39783
203623
203628
39795
138106
39805
203649
203655
138121
39821
203661
269201
39829
7064
39845
39846
138152
203689
39852
269235
138165
39867
39870
203713
203714
138181
203720
138185
203729
203737
39899
39909
39910
203754
203758
203776
203792
39953
203795
39958
39967
39974
203815
203818
39990
39994
269372
203836
40000
40001
40002
203843
203849
40017
40025
269401
203868
269406
40040
203888
40049
203889
40051
40053
203894
138359
203907
203908
40069
40074
269453
203918
40082
40083
203924
203926
203927
203932
203938
40099
40102
40106
203947
203949
40110
203954
400565
40119
40120
40122
40124
40129
203969
7363
203976
40138
40139
40148
40167
40175
204017
138482
40178
204018
204024
138491
204028
204032
204039
204041
40203
40211
40212
40213
204052
269593
40222
138527
204065
40226
40227
138538
40238
204086
40248
40255
204096
40263
204103
269644
40271
40274
138580
40277
204120
204126
269667
40292
40296
204138
204139
138607
138608
40303
204147
40311
40321
138627
40324
138629
40332
138637
40334
40336
204178
204179
204182
40344
40345
204185
40350
40351
138657
40354
40360
204203
204204
40367
40369
269751
138685
40381
40390
40397
204251
204254
40422
269805
40430
204271
204273
204280
40444
40449
40453
40454
204302
40464
40471
204315
40477
204320
204321
138787
269861
269864
40489
40491
204333
269875
40501
40502
40505
204345
40513
40521
204363
138828
138829
204371
40533
40536
40541
40549
204394
40567
204409
40572
40577
40578
269956
40588
40590
40592
138909
40605
40607
204446
204455
40617
40618
204458
204460
270012
40636
270014
40638
40640
40648
40655
138968
138970
204508
40673
204513
204517
40686
40687
40690
40693
204535
40696
204538
204540
139006
40704
40705
204555
40721
40722
204562
204563
40727
204568
40729
40735
204576
204577
204582
270120
270121
139050
40744
40747
204596
40760
204600
40762
270142
40769
139074
270147
40773
204617
204619
40780
40781
204622
40783
40784
204624
204625
40797
204639
40808
204648
40810
270189
204657
204662
40823
40825
40828
204673
204681
40844
40847
40848
204689
40851
40854
40858
40860
40862
40877
40880
204720
40887
270268
204733
139203
40914
40917
40920
204760
40930
204773
204777
204778
40943
40947
40950
40955
139264
204800
40966
204807
270346
204810
139279
40976
204819
139285
139288
204824
270365
40992
139299
40997
40999
139311
41008
204858
270398
204867
41028
204869
204875
270421
204890
41071
204911
204916
204917
204922
41090
270468
204934
204935
204941
270482
204947
204949
204965
139431
204979
41148
204989
41155
139464
139468
41165
205005
41167
139472
205010
205011
139480
205018
205022
205035
41203
205052
205063
41227
205067
41232
41234
41238
41243
270622
205088
41264
41268
205114
41275
41281
205121
205122
139589
41285
205125
41290
205137
205138
270675
205142
41303
139609
205147
270684
205149
205151
139620
270694
41319
205160
205163
205166
205177
205181
41344
41349
205198
139664
205200
270743
41367
205219
205225
205226
205232
139705
139706
205243
270780
41405
205249
41415
270795
205260
205264
205266
270810
139739
41437
139743
41441
41446
205287
205294
139761
41458
270840
205308
205329
205330
41493
270874
270878
205343
139811
41514
205359
41524
205365
205366
41528
41535
41538
41540
41541
205381
205382
205384
270922
205388
41551
205402
41568
41570
205423
139888
205432
205434
139900
270975
41599
41601
205440
139909
41612
41617
41618
270995
205463
139931
41628
41634
41635
205476
205477
41644
271021
205485
205491
41653
205494
41655
205495
205505
41666
205508
139984
139989
139993
205530
205535
41698
271075
205542
205545
41707
41721
205569
271106
41731
205572
271110
205583
41746
140051
205597
41766
41779
205620
41789
205633
271170
140099
41796
271188
205655
140121
41827
205669
205671
271212
205680
41849
41853
205698
271239
41876
205717
205728
41894
41896
205736
205741
140210
140214
205755
205756
140223
205763
41925
140231
41930
41935
41936
41941
41957
271343
205807
205813
271360
205826
205827
205830
205843
42008
42009
42012
140317
140321
271398
271407
205882
42046
205890
205891
271432
271437
42065
205915
271452
205916
42078
205917
271458
140388
205926
205930
140396
271472
42100
205940
271479
205945
205956
205958
205966
205969
42139
205985
205988
205992
205993
271533
42162
140470
271544
42176
271553
42181
42187
206043
271582
42208
206049
271590
206055
206059
42220
140525
271599
206070
42237
206078
206080
206081
140546
206082
206086
42249
42258
206101
206104
206105
42274
42277
206117
140583
271660
206125
140593
42290
42293
206135
271673
42300
206143
206144
206146
206152
206155
271692
140625
206161
42325
206168
140633
42330
42332
42339
140646
271723
206201
42369
206211
271752
271753
206219
271758
140693
271766
271771
206236
42405
206250
140719
140723
206266
271803
206267
206273
206278
140745
42442
206281
42446
206291
206292
206295
42464
206310
206312
206313
206322
42483
271860
271861
206331
206332
42498
271885
42509
206355
42518
271894
271895
140825
206359
206361
206364
206366
206379
42548
42552
206399
271938
206404
42570
42574
206414
140883
206423
42584
140896
140903
140910
140911
140920
206456
206457
140927
140929
42633
272012
42638
140944
272021
42651
206492
206497
140967
272043
42667
42668
206521
206525
42687
42692
206549
42711
206559
42722
206567
42728
206579
206597
206599
42760
206600
42764
42765
206604
42773
42774
206617
272159
272163
206633
206642
141109
206646
42812
206655
206660
206661
206662
272207
42833
206673
42836
206677
141152
42853
206693
141163
206703
272245
141177
42874
272252
141180
272254
42877
141186
141187
206723
141196
272269
42892
272276
206741
42902
141210
272284
42909
42913
206755
42916
42919
141226
42924
206767
42929
141237
206773
206782
206784
206793
206795
206798
42968
141277
42986
42988
206836
272373
272377
206843
206846
43012
43017
43031
43033
206874
272416
43045
206885
206886
43048
272426
272428
43054
272432
141362
206899
272438
141366
272440
272441
43065
43066
206917
272457
272465
141394
141397
206940
272477
43102
206943
272481
43106
206947
272484
272485
272488
272489
272494
141425
43123
272505
272509
272510
206979
206984
272524
272529
43155
272537
141469
207010
141475
207013
272551
43180
207023
43185
43186
43190
43193
207033
43197
207051
272594
141524
43220
43226
272607
272610
272611
43236
207076
207096
207098
207100
207102
272646
207110
207113
43277
43281
272658
272661
272665
43292
207133
207138
207145
43311
207151
43317
272694
207161
207162
207167
272708
43332
272715
272718
43342
207188
272727
43352
43353
43354
272732
43356
207198
43359
272741
207210
272747
141679
207216
272754
207223
207225
141693
272765
207230
272769
43395
43399
10632
272776
207241
272787
272788
207254
207257
272796
207265
272806
207274
207277
141742
141746
207283
141750
141753
141754
207289
141756
43455
207297
43458
207306
141773
10704
207314
207315
10708
43484
43486
10725
207335
10730
10732
43502
43503
207346
207349
43520
141831
43531
43534
10770
207393
207395
43558
207398
10801
207411
207415
43579
207421
207424
207436
43598
207445
43608
10848
207457
207463
43625
10858
10859
207466
43634
43635
43638
207481
207486
207487
207488
207489
207498
207499
43669
43678
141992
207529
207535
207537
43701
207541
207543
142014
43712
142017
43714
43717
207567
207568
142040
142049
207586
273125
207597
207609
11011
207638
207649
142125
207662
207664
142139
207683
273220
207685
207686
43848
43853
207705
207706
207707
207715
273264
43897
207739
207741
207743
207744
207747
207758
207763
207765
43927
43928
207767
207774
43937
207777
207778
207785
273333
207803
273346
142276
43975
207819
142289
43987
11223
273373
273376
273380
207845
273385
207856
44018
273398
142327
44022
273402
44030
207870
207872
207874
44041
207881
273426
44051
142366
273440
207907
273454
273459
273462
207932
207937
273474
142403
207941
273482
207946
44108
273485
207947
273488
273493
273497
207966
207968
44131
273508
273513
207978
273530
44156
273533
207999
208003
44166
208015
273553
44179
273558
208025
273563
208028
273567
44193
208034
273573
142505
273578
273590
44215
273596
208060
44224
44225
44227
44236
273625
273634
273642
273643
44266
208106
273647
273651
273652
208117
44278
273659
142588
44283
142596
44295
273672
44299
273680
44308
273686
44312
273689
208154
273697
142628
273701
273706
142641
142643
273721
208188
44358
208205
208210
273747
44371
44372
208223
44386
208227
273766
273767
44391
273772
208236
44400
44404
208244
273783
208259
273798
273802
208270
44439
208290
208304
208311
44473
44475
273855
208328
44504
273881
273888
208363
44529
208372
44534
208379
208382
44549
11791
44567
44570
208416
44578
208418
44585
44593
208434
44595
208437
208457
208458
44620
44628
274007
208479
208484
44654
44655
208500
208501
208505
274042
44670
208517
274058
208549
44712
208564
44726
208571
274119
44749
208594
208597
208606
208608
44776
208618
208625
208630
208638
44806
208653
44819
208660
44822
208662
44842
208697
44858
208699
208702
44865
44882
208723
44891
208734
208753
208754
208757
44923
208765
44926
208768
208770
208781
44943
44946
208792
274338
44964
208804
208814
44975
208817
208833
44994
208844
45009
45018
208864
208867
208868
45029
208871
45040
208882
45049
45055
208895
12291
12294
208913
208915
274462
208929
274472
208954
208956
274494
208959
208964
274502
208975
208976
208983
208985
208992
274532
45158
209002
274542
45166
209010
274559
274570
209039
209042
274579
274580
45217
274601
274609
209081
209085
209087
274633
45259
274642
209108
45269
209110
209114
274651
209116
45282
209122
209133
45306
209147
209148
209150
209153
209155
274692
209156
209164
209166
209170
274713
209179
45342
209185
45348
274729
274735
209199
274741
274745
209209
209218
274755
274758
274768
209247
274789
209255
274792
274797
209261
209265
45432
274815
209281
209282
209285
209287
209294
209295
274832
209301
274839
209304
274842
209311
209312
45496
209343
209347
45513
209358
209369
45538
209378
209383
209397
45560
209400
45586
209428
45593
45626
209468
45638
209483
45652
45665
209513
209525
209528
209531
209532
209549
209550
209551
209552
209554
209561
209578
209589
209598
209605
209606
209608
209611
209623
45785
209627
45809
209650
209655
209659
209681
209687
45852
209694
209703
209712
45879
209719
209729
209738
209740
209744
45910
45911
45926
45931
209771
209772
209781
209811
209830
209833
46015
209859
209860
209861
209864
209875
209892
209902
46080
209925
46089
46095
46108
46109
209953
46116
46118
46124
209966
46127
46129
46130
209970
46134
209974
46139
209991
46152
46155
46156
209998
46161
46171
210015
210017
46178
46179
210019
46182
46183
46184
210025
210034
210040
46203
210044
46206
46207
210051
46213
210054
210062
46224
46228
210076
46245
210087
46248
46263
210103
210111
46275
46279
210125
46287
46298
210139
210144
46314
210156
46324
210169
46339
46342
210182
46348
46350
210194
46359
46361
46364
46367
46369
46374
210220
46381
46383
210226
210232
46393
46397
46404
46405
46424
46429
46430
46432
46433
46434
46440
46445
46456
46458
46459
46467
210307
210309
46470
46471
46473
46474
210314
210316
46498
46504
210350
46515
210357
46524
210366
46528
46539
46542
46552
210395
46564
46569
46572
46575
46577
46584
210426
46587
46591
210437
210440
210447
46613
46621
46622
46630
210472
46635
46642
46643
46644
210482
46651
46653
46654
210494
46658
46679
210521
46686
46699
46700
210544
46705
210552
46718
210560
46732
46735
210576
210577
46744
210584
210593
46759
46763
46765
46766
46773
46789
210645
46808
46812
46817
210657
210660
46821
46822
210667
46843
210684
210685
46846
46851
46854
210704
46872
46890
210732
46897
210743
210752
46926
46928
210768
46930
210771
46940
46947
210788
46949
210791
210799
210800
210801
46963
210804
210806
46969
46973
210821
46982
14216
46993
210834
46996
47000
47002
47003
3946400
47009
47010
47029
47030
210872
47040
210890
47055
210896
210897
210903
47066
210909
210916
47086
47087
210928
47089
47090
210932
210936
47100
47110
210951
14350
47120
47121
210966
47127
210967
47133
47136
210977
47143
14384
14386
47155
47156
47164
47165
47167
47181
211024
47194
47196
211037
211041
211043
47211
47213
211054
47220
211068
211074
211075
47236
47239
211088
211095
47261
47264
47267
211127
47295
47296
47301
47302
47309
47314
211157
47321
47323
211167
211169
47333
211175
47337
47340
47351
211211
47379
211235
211244
47406
211251
211255
47426
211268
211275
47438
211283
47445
47446
211303
211308
47472
211318
47479
47487
47502
47504
211348
211360
47542
47544
47549
211391
47556
47562
47563
211406
47572
211421
211423
211428
211451
47618
211460
47623
14870
47643
47655
47656
211498
47661
211501
211510
47699
47708
211552
211568
211569
211575
47736
211579
47741
211581
47744
47755
211630
211635
211638
47809
47815
211655
211661
211664
47826
211671
211675
47846
211688
47850
211690
211691
47858
211700
47868
211713
47874
211726
211729
47895
47902
211752
47914
47917
47923
211766
47929
47935
47936
47943
211784
211786
47952
211802
47964
47967
47968
211812
211816
15220
47989
211831
211837
211846
48017
48025
48027
211869
48036
48049
48052
48053
48061
48067
211907
211909
48077
48092
48097
48108
48128
48132
48137
48147
48153
212001
48176
212024
212031
212034
212035
15430
15432
48209
15442
48210
48213
15446
212055
15449
15451
48223
15456
48225
212066
15466
15471
48240
212086
48252
48254
48257
15495
15498
15499
15504
212120
48282
48285
212125
15519
48292
48298
48299
212140
15540
48309
15541
15543
212148
15548
48331
15572
48341
15580
212195
15590
212198
212200
15594
48366
15601
212218
15613
212225
212228
15622
212232
48416
48425
48428
15669
15673
212286
15681
15682
48451
48453
146762
48460
48461
48464
48467
212312
212313
212320
48486
48487
212326
48490
212331
212332
212357
48518
48520
48522
15754
48524
146834
212370
15769
15774
212382
48545
15779
48549
48551
212394
15790
48559
212399
212404
212407
48571
48573
15810
212421
212424
212433
48594
48596
48612
48614
15848
15851
48642
212483
146950
48647
212487
212495
212508
146974
48670
146981
212518
146984
15914
48688
146994
146995
48690
212536
48697
15933
48707
212547
212551
15945
212553
48719
147024
212559
212562
212566
15960
147039
212576
48739
212581
48744
212589
212591
147056
147060
147061
212596
15995
48763
212603
212608
16001
16004
16007
48778
48781
48784
16017
212625
16027
212638
16037
212646
16045
48813
48821
48822
48823
16062
16074
147155
16085
212694
48856
48866
16099
16101
48871
48873
48886
212731
48894
48908
16151
212760
48921
16154
212762
212763
212767
147233
16174
48944
212792
212793
48954
212795
16192
212804
212807
48972
48989
16224
245600
212841
16242
49013
212873
49043
212891
16294
16298
212911
49081
16316
16323
212932
212939
49106
212947
16349
212961
16356
49124
16360
16363
16364
49137
16376
16378
212989
16383
212994
16390
16392
49161
49167
49169
16403
16404
16405
213011
16407
49176
16409
16410
49179
213015
213027
213028
49191
49192
213033
16429
16435
49209
213050
49218
49220
49222
213062
49230
49231
49232
16466
49234
16481
49250
213092
16487
49268
16502
213111
16505
49274
213113
49283
49286
49294
49298
213138
16532
213141
16542
213150
49312
49322
213166
16560
16563
213172
16565
16569
213184
16577
49354
16587
16588
213195
16595
49368
16601
213216
213221
16618
16620
16622
49392
213234
213238
213241
49403
16639
49410
16647
16650
213260
213262
213272
16665
49435
49436
213275
213279
16676
213287
16680
16685
16688
49457
49458
16693
49464
213306
16699
49473
213314
16707
213317
16710
213319
49487
16734
16742
16743
213358
16752
16754
213369
49531
16764
16769
49542
49546
213387
49551
16785
16790
213401
16795
16802
16813
49585
16822
16825
49594
16827
16837
49609
213449
213452
16859
16860
16861
49627
49635
49638
16871
213481
16874
213483
49647
49651
16887
49664
16897
213508
213513
49674
49677
49678
213518
213522
49692
213539
16937
16941
213550
49720
16957
49730
49737
49744
16981
213593
16987
16991
16998
49774
213615
17008
49776
17037
17038
17040
49813
49820
17053
49821
17056
49825
213668
49829
17068
49838
17071
213691
49852
49859
49863
17098
213708
17116
49885
49888
17125
213746
17145
17146
17150
213759
49923
17157
49925
17164
49933
17168
49949
213789
17189
49958
49959
213798
17195
17197
213805
17206
213822
49983
17219
49988
213837
17240
50009
17247
50017
50018
50030
50031
17270
213880
17276
17285
17290
50060
213900
17301
17304
50076
50079
17314
17317
50086
50087
50088
17322
50093
17336
17340
50108
213950
17348
50118
17355
17357
213966
50128
17361
50132
50133
17373
213981
213986
17382
50152
17388
17389
50156
50157
213996
17394
214002
17397
17403
50172
50173
214012
214022
17415
50185
50187
17428
50196
50202
50210
50216
17456
50224
214065
214069
214073
50236
214087
17485
50254
214096
17492
214103
214118
17516
50289
50297
50299
17535
214145
50307
50313
17554
214164
17562
214173
214176
50338
214206
17617
17635
50417
50429
214271
50441
214282
214286
50448
214294
50455
50462
50471
50473
50474
17707
214316
50477
214323
17718
17719
214344
50508
50510
214356
17753
17766
50538
214381
17794
50572
214418
17814
214432
214434
214435
50598
214438
50601
50605
50610
214455
50621
17860
50632
50636
17878
17889
17895
148971
50667
50695
17929
17931
17934
17944
50712
214554
17948
149020
149026
50737
149042
50755
17988
17990
214602
50766
214609
214611
50776
50779
18015
50794
50799
214648
50822
50824
214666
50827
214667
50835
18068
214675
50842
50845
50856
214697
18090
50862
18097
214708
50881
50882
214722
214731
18125
50898
18131
50911
18149
214762
18156
50926
149236
214784
50947
50952
50964
50965
51001
51006
51019
18254
18255
51032
214881
51044
51046
51050
51053
51058
51061
51068
51079
214919
51083
214930
51093
51105
149416
214953
18351
18353
214963
51127
149446
214985
51149
149457
18400
51172
215017
51178
51188
18422
215032
18428
215036
51198
215044
18437
18442
18447
51218
18453
215065
18463
18476
51247
215106
18500
18507
51275
51276
215116
51290
18523
215135
51297
18533
18535
18537
18543
18549
18550
18551
18552
18554
18555
51324
215162
215167
51329
18573
51341
149647
51343
18577
51345
51349
18584
149659
18592
215202
215207
215214
215216
215219
149684
215226
215227
215228
51392
215233
215234
51395
18628
18633
18637
51405
18639
215256
18649
51417
215258
18662
51431
18669
18672
18675
18676
51444
18684
215296
51458
18691
149766
18695
51464
18697
18698
18705
18707
51477
215319
215322
51485
18718
18719
215331
18724
51492
215332
51497
18739
51510
18746
51514
18749
51517
51520
18756
51527
18760
215373
18769
51537
51540
149851
51548
18783
149864
18798
51571
51572
51574
149880
215417
51581
18821
18826
18828
18829
51598
51601
18838
18839
18841
18842
18850
18855
18858
18860
51630
215478
18875
215488
215500
18899
18900
51669
18903
215511
215512
215514
51675
18908
18920
18923
51699
150004
215541
51706
215546
51708
215547
18951
51722
215563
18959
51728
18965
51733
18967
18968
18969
51736
215577
18972
18973
215582
215583
18976
51744
18980
18983
18984
51758
215600
51764
18997
215604
19002
215615
19010
19013
215628
51795
215635
51798
51799
51806
215656
215661
19054
51822
215662
215665
215680
19076
215691
19085
150158
19087
150161
150162
51857
19094
19099
150172
150173
19102
19104
19107
51890
19124
19127
19135
51907
215750
19147
19150
215761
19158
19160
51934
19173
51942
215781
19178
19179
19185
19190
19194
215805
19203
51973
19209
19210
19214
51984
150289
51988
19231
51999
215842
215853
150318
19248
52016
215856
19251
150325
19253
150329
52039
19273
150347
19277
215887
52048
52051
150366
150368
215904
19299
19302
19305
19311
19313
215929
19326
19338
52112
52113
215956
150423
19352
19355
52126
19359
52127
19364
19369
19375
19395
216003
19399
19400
19403
19405
19407
19409
52177
52183
52188
19421
216030
52192
52193
19427
19430
52201
19442
19452
19453
19462
19463
216078
52240
19474
19477
19482
216092
216096
52258
150570
216107
19503
52275
19511
19514
216123
52284
52290
19525
19529
216138
19534
19535
19543
216151
19545
216153
19558
216167
52332
19566
216182
19579
19583
216191
19586
19588
52357
52360
19600
19601
52370
19609
19611
19614
19617
19624
19625
19626
52393
216233
19630
52403
19636
19642
19643
52410
19647
19648
216257
19650
19651
52423
19660
216269
19662
216273
216274
19670
52441
150746
19674
19677
216285
216286
19681
19682
150755
52449
19685
19691
216299
216302
150767
19696
150770
150771
19707
150787
19717
19721
150793
216329
19724
216331
216334
19730
19732
52500
52506
19739
52508
52509
216347
19743
216361
216369
216371
52533
19766
19768
19769
19770
19771
19776
52550
216392
19787
19812
52582
150895
19831
216440
19839
216455
216456
150921
19851
19856
150930
19859
216471
19865
19870
19885
19887
19888
19899
52671
52674
19911
19914
19918
52703
19945
19949
19964
19971
19974
19980
19990
19991
19994
19999
20004
20016
20019
52799
20040
20045
20052
20053
52820
52839
20073
20077
20078
52851
20088
20096
20098
20099
20103
20111
20114
151187
52882
151191
20134
20148
20166
20167
20194
20200
20208
20216
20220
20229
53010
53012
53017
20251
53021
20257
151332
20263
151336
53038
151349
20282
53057
20293
53070
151376
151385
20313
20331
53100
53101
20338
20344
20353
53134
20367
20368
20371
20373
53141
20380
20381
53151
53154
20389
20395
20404
20411
20419
20423
151496
20427
151506
20437
53219
53221
53228
20466
53235
20472
151544
20474
53243
20479
20483
53262
20501
20510
20514
53283
53299
151605
151609
20539
53307
53321
20555
53323
53327
53335
151640
151645
53349
53354
53355
151660
53357
151662
53359
20592
53365
151670
151673
53369
53377
53381
53382
20626
53398
20633
53406
53409
53414
20652
53420
20655
20672
53442
53444
20682
53451
53465
53470
20705
53479
53483
53485
53487
53489
151797
151799
53500
20742
53516
53526
20765
151847
53557
53559
20792
53562
151872
53571
20805
53577
20830
20833
53612
53613
53618
53621
53624
53626
53634
53655
20889
151964
53661
53662
151967
20899
151975
151976
53678
53680
53682
20918
53687
53693
20938
20942
53713
53718
53720
53721
53722
20958
53727
53729
53734
20969
20973
20976
152049
53758
20994
21000
53770
53773
53775
53779
152093
53793
21030
53799
53810
53816
53819
21058
21070
21080
21082
53851
21086
53858
152165
21094
21103
53873
152184
53883
53888
53893
53900
53901
21137
21150
21151
53918
53922
21158
53930
53934
53938
21176
53944
21191
21197
53978
53983
53986
53988
21229
54003
54007
21244
54017
54019
152333
54035
54036
54040
54044
21282
54053
54059
54060
54063
54067
54068
54076
54078
21317
54085
54087
54099
21333
21339
54110
54114
54118
54121
54130
21368
54139
54149
54152
54158
21395
54177
21418
54187
54196
54215
54216
21449
21453
54224
54226
21459
21467
21470
21476
54246
54250
54262
54264
21500
21502
54274
54279
54280
152586
21520
152595
54291
54294
54295
54300
54303
21540
152615
21543
54313
152619
21549
152622
54317
54321
152626
21555
21558
54332
21566
21568
54336
21570
21573
152645
21576
21577
54344
54345
54349
54355
54356
54364
21602
54370
54372
21605
21610
21611
54383
54384
21619
54391
54393
21632
21644
54412
54417
21651
152724
54419
21654
54424
21659
21660
54428
152734
21663
54429
54430
54435
21668
54436
21670
54437
54443
54449
54450
21694
54466
21704
21705
21708
21711
54481
21718
54488
21721
54491
54492
21729
21735
21745
54516
21752
54521
21754
21757
21759
54528
54529
21771
21778
54547
54552
21785
152858
21796
54566
21803
152875
21805
54572
152880
21809
21814
54598
54599
21833
54603
152909
54611
21849
54617
21857
21860
54642
54643
54648
21881
21882
54655
21889
21896
54667
21904
54672
54675
21908
54678
54681
54683
54684
54686
54687
152992
54691
54692
54693
54698
21931
54702
21935
21937
54705
54707
54711
21946
21951
54719
21955
21961
54730
21963
21968
21969
54740
54743
21978
54746
21984
21985
21991
21993
54764
54766
54767
22012
22013
54781
54785
22018
54787
22022
54792
54795
54796
22030
54799
22035
22038
22041
54811
22048
54816
153122
22051
54820
22064
54836
22069
22070
54837
54839
22075
54845
22079
22081
22084
153160
22089
22088
54857
22104
54874
54876
153184
22113
54882
54883
54886
153193
54890
22127
22131
22132
22136
22138
54909
54914
22148
22149
22150
22155
22160
54930
54933
54940
22178
54949
54953
153259
54957
22192
54960
54963
54964
153270
54976
54987
22221
153292
22225
54993
22228
22230
22231
54999
55001
22234
22238
55008
55011
55013
22246
55015
55016
55017
22250
55018
22252
55020
55022
55028
22273
153346
22274
55046
153351
55049
22282
55052
55056
55057
55061
22294
55062
55063
55067
55075
55077
22311
55080
22321
22330
22334
55102
22336
153418
22349
22350
22353
22360
55127
55152
55156
22390
22391
22393
153466
22399
55167
22401
22403
22404
55171
55173
55179
55184
22417
22418
22425
22433
55203
22436
55204
22444
55217
55224
55229
22463
55232
22473
153547
22478
22481
22482
22483
55249
55253
22491
55259
55261
55262
22497
22498
55267
22500
55271
22522
153595
55292
22525
22530
22534
22537
22542
55313
22554
22557
22564
22574
55348
22582
22583
22587
22590
22596
22620
22621
55388
22623
22629
22633
22641
153725
22655
22664
22671
22675
22678
153756
22694
22695
153771
22705
22712
22713
22744
55512
22748
22755
153836
55536
55542
55555
22794
22796
22802
22805
22821
153900
22830
22831
22848
22856
22861
22866
22868
22873
22878
22883
55651
22890
22891
22892
153971
55676
55683
22916
22917
22919
22920
153997
22928
154011
22945
22969
22973
22984
55752
22989
22994
23003
23004
23008
23010
23013
23015
55784
23019
55789
23023
23027
55799
23032
23038
23053
55822
23060
154132
23069
23074
23080
55852
23097
23099
23103
23104
23105
23107
23109
23111
23124
154211
154215
23155
55924
23167
55940
23173
23174
23178
23181
23185
55953
23191
23193
23194
23204
23209
23211
23213
23219
23223
23225
23232
23245
23249
23255
23256
56028
23277
23280
23284
23288
56059
23296
23299
23306
23310
23318
56087
23347
23351
56123
23363
23371
56140
23384
23390
23397
23400
23406
56186
23419
23420
23423
23428
23431
56199
23433
23435
23438
23439
23447
23458
23471
23478
23482
23507
23512
23523
56320
56347
56364
56365
56368
23618
23619
56394
23628
23630
23633
23634
23641
23642
23661
23669
23731
56501
23747
23749
23760
23761
56532
23775
23777
23778
23779
23780
56559
56567
23815
23822
23824
56592
56593
23827
56599
23836
23852
56641
23875
23876
56657
23899
56672
56679
23920
23932
56701
23943
56737
56741
56743
56746
24006
24017
56800
56801
56803
56813
56814
56822
56837
24077
56864
56874
24149
56926
56946
56948
56951
56964
24210
56984
56997
24251
24252
24253
57022
24257
57029
57045
24278
24279
57048
57050
24284
24304
57073
24337
57119
57124
24373
57142
57144
57153
57157
24395
57168
57173
57181
24439
57210
24446
57217
24459
57227
57242
24476
57246
24479
57249
57285
57300
24541
57310
57329
57334
24568
57337
24577
24585
57358
24593
57363
57371
24607
57381
57393
57394
57395
24631
24632
24633
24635
57408
24645
57433
24668
57437
24675
24680
24682
24703
57483
57487
57504
24739
24751
57530
57531
24770
57546
24784
57569
24811
24817
57586
24824
57593
24830
24833
57607
57626
24861
57642
57643
57656
57665
57684
57701
24939
57734
57750
57753
24992
24994
24995
57773
57782
57797
25031
57801
25038
25039
25046
25056
25061
57833
57837
25070
57839
57843
25081
25089
25106
25109
25113
57883
25117
57892
57911
57913
25154
57929
57933
25182
25189
25190
25194
57965
57987
25234
58003
58007
25268
25282
25286
25305
25311
58088
25328
25332
25335
58106
25341
58117
25350
58133
25373
58149
58158
25413
25428
25432
25435
58208
25450
25459
58239
25474
25479
58247
25482
25488
25496
58265
25500
58269
58272
25506
25511
25515
25516
58288
58292
25526
58303
58308
58310
25545
58316
58319
25557
58326
25563
58334
25569
58343
58346
25598
25603
25617
25625
25629
25635
58404
25643
25644
25647
25657
58436
25670
25671
25675
25677
25679
25689
25696
25699
25710
25712
25716
25729
25735
25739
25744
25750
25758
25759
25760
25765
25771
58543
25777
25787
25792
25798
25801
25806
25807
25808
25817
25819
25821
58589
25845
25854
58623
58625
25861
25872
58645
25885
25891
25895
58665
25898
25907
25912
58684
25920
25936
58704
25938
25941
25944
58713
25948
25957
25960
25963
25966
25972
25973
25974
58744
58752
25985
25988
26010
26011
58779
26020
58793
26029
26036
26039
26043
26050
26052
26053
58823
26072
26074
26084
26098
26102
26104
26105
58879
26123
26125
26135
26137
26142
26143
26147
26152
26154
26160
26168
26172
26178
26182
26189
26197
26198
26200
26208
26214
26215
26217
26218
26219
26226
26229
26250
26258
26262
26269
26282
26287
26304
26307
26326
26329
59097
59098
59102
59116
26353
59123
26357
26365
26371
26372
26373
26376
26396
26399
26402
59171
26405
26417
26421
26428
59210
26443
26452
26453
26457
26461
26465
59241
26483
26487
59261
26508
59288
26524
26533
26543
26550
26552
26557
26569
26573
26592
26594
59364
26629
59402
26637
26645
26647
26660
26669
26671
26675
26679
26683
26692
26693
59462
26700
26705
26709
26715
59493
26729
59504
26737
26738
26740
59514
59517
26750
59518
59519
26757
26761
26763
26764
59536
26775
59543
26779
26786
59554
26791
26792
59560
26796
59565
26804
26812
59580
26815
59584
26822
59597
26833
26840
26842
59620
59622
26858
26859
59627
26862
26868
26881
59649
26885
26886
26897
59676
26913
26917
59689
59693
26933
26940
26949
59718
59724
26957
26966
59742
26995
26997
27003
59775
59776
59780
27013
27017
27019
27031
59809
59813
59820
59822
59836
59866
59871
59883
59886
59888
59891
27137
27138
27139
584195
27153
27164
27176
27180
59949
27197
59971
27205
27210
27212
27214
27215
59984
59985
27225
27226
27233
27243
27244
27263
60042
60045
27279
60049
27283
27293
60063
60066
27303
27311
60087
27324
60095
60098
27335
27336
27339
27341
60110
27345
27347
27357
27361
60128
27365
27370
27376
27377
27382
27390
27392
27395
60165
27398
27402
27404
60173
60174
60175
27409
27414
27421
60194
27435
27437
60219
27453
60223
27457
27458
27459
60230
60231
27468
60239
27480
60259
60264
27499
60274
60281
27514
27518
27521
60293
27526
60307
60314
27548
27549
27554
27558
27561
27569
60337
60339
27574
60347
60357
27590
60358
27592
27593
60359
27596
27597
27608
60376
27614
27616
60385
27624
27628
27637
60415
60432
60451
27690
27711
60488
27730
60499
27746
27759
60538
60551
60555
60557
60558
60580
60594
60595
60653
27897
60665
60667
60673
60686
60706
60707
60708
60718
60720
60735
60736
60737
60758
60780
60805
60823
60840
28097
28099
60868
60874
28121
60890
60898
60900
28143
60913
28148
28150
60922
60925
28159
28166
60948
60953
60961
28204
60975
60977
60983
28216
60994
61013
61023
61026
61031
28269
61038
28272
28274
61044
61053
28295
61068
61083
28323
61111
61136
28369
28373
61152
61159
28396
28397
28399
61168
61170
28404
28423
61193
61200
61205
61212
61217
28453
28460
28466
61241
61244
28503
61277
28511
61280
61282
28524
61292
61322
61343
28583
61352
28585
28591
61360
61363
28596
28597
28603
61378
28619
28623
28626
61394
61397
28630
61403
61404
61421
61430
61441
28674
28682
28708
61484
28727
28729
61498
61504
28745
61520
61521
61522
28756
61526
28762
28780
28787
28801
61570
28812
28815
28816
28825
28831
61604
28846
28857
28875
28884
61652
28891
28892
28928
28932
28934
28939
28961
28978
61759
29001
29008
61789
61795
29028
61803
61808
29045
29063
61866
29105
61881
29132
29134
29145
61950
61960
29196
61969
61970
29207
29224
61998
62001
29243
29246
62023
29264
29266
62035
62040
62048
62050
62051
62057
62082
29322
29329
29330
62097
62103
62119
29366
29373
62145
29384
29388
29394
29400
62168
62178
29422
62204
62222
62224
62239
29479
62247
62248
29487
29494
62269
62270
29503
29504
29507
29513
62294
29527
29575
62350
29583
29591
62366
62377
29615
62383
29617
29639
29648
62423
62429
29672
62443
62445
29682
29700
62469
29708
62478
29711
62479
29720
29726
62495
62498
62505
62508
62509
62510
62512
29745
29749
62526
62529
29764
29765
29768
62546
29783
29784
29786
29788
62557
29792
62560
29794
62561
62564
62568
29801
62572
62574
62586
29822
29823
29824
29825
29829
62598
29833
62605
29839
62613
62614
29851
29855
62623
29858
62629
29862
29864
62637
29871
29874
62641
29878
62650
62656
29893
29897
62667
29905
62673
29912
62681
62683
29918
29919
62697
62701
29935
29936
62707
29942
62714
29948
29949
62718
29951
29963
62737
62739
29972
62743
62750
29986
29987
62756
29989
62757
30004
30008
62779
62783
62784
62791
62797
30039
62810
30043
30050
62820
30053
30059
62827
30061
62829
62830
62832
62838
62841
30087
62866
62875
30111
30114
30120
30121
30136
30140
62909
30142
30147
62921
62933
62939
62944
62949
62950
30196
30197
62964
62974
62977
62983
30217
62988
30221
30228
62996
62997
30237
63006
63013
63015
63016
30250
30252
30259
30260
30262
63030
30265
63039
63044
30281
30293
30299
63070
63071
30304
30310
63078
63081
30317
63087
30330
63098
30334
30336
30338
30339
63109
63116
30350
63122
63123
30359
30363
63137
30372
30379
63148
63151
30385
63154
63156
63157
63164
63165
63166
30399
63167
63171
30409
30410
63180
30423
63196
63198
63201
63202
30447
63222
63236
30471
30472
30477
30482
30484
30489
30491
63261
63263
63269
30512
30513
30515
63283
30520
63299
30532
63300
30538
30542
30546
63314
30548
30551
63321
63324
30558
63326
63328
63329
30563
63334
30568
63340
63343
30581
63356
63364
63368
30601
63374
63376
30625
63396
63397
30631
30634
30635
63404
63405
30643
30648
63419
63424
30664
63433
30667
63436
30673
63447
63449
63451
30690
63458
63464
30697
63465
30699
30704
63472
30706
63475
63476
63481
30714
63484
30729
30730
30733
63528
30761
30786
30787
30788
30791
30803
30811
63583
30825
292979
30870
30873
30889
30894
30915
30919
30937
30941
30960
63731
63760
63770
31003
63773
63774
63776
63779
31019
63800
63802
63805
31043
31049
31055
31061
31078
31079
63850
63855
63862
31106
31121
31129
63900
31152
63931
31173
31174
63942
31180
31186
63959
63964
31200
31202
63979
63997
31243
31257
31276
64055
31294
64080
31328
64103
64105
64106
64107
64108
64109
31343
64118
31352
31361
31362
31383
64160
31396
31409
31428
64198
64204
31438
64210
31444
31451
31463
64233
64237
31474
64252
64257
31499
64271
64273
64278
31511
64280
31514
64288
64296
31550
31566
31570
31576
31579
31632
64401
64406
31643
64411
64416
64419
31656
31659
31676
64445
31693
31708
64488
31722
64512
31750
31763
31770
31772
31785
31787
31788
31791
31793
31800
31801
31803
31807
31814
31823
31824
31827
31836
31839
31844
31854
31859
31865
31867
31869
31870
31872
31880
31883
31890
31902
31913
31928
31929
31931
31940
31947
31952
31966
31981
31999
32002
32008
32012
32017
32020
32021
32023
32027
32028
32034
32042
32047
32051
32052
32053
32056
32062
32066
32068
32082
32094
32102
32108
32113
32114
32118
32124
32138
32141
32142
32150
32165
32166
32171
32176
32180
32187
32194
32197
32198
32203
32208
32209
32210
32225
32226
32228
32230
32236
32246
32248
32254
32255
32256
32261
32269
32273
32280
32284
32293
32306
32313
32318
32323
32325
32342
32366
32369
32372
32377
32378
32381
32397
32403
32410
32431
32454
32455
32456
32467
32474
32481
32482
32493
32494
32511
32512
32513
32520
32525
32530
32532
32535
32539
32540
32554
32564
32565
32572
32576
32596
32603
32606
32610
32611
32627
32634
32635
32639
32642
32647
32650
32654
32662
32663
32665
32674
32681
32686
32688
32689
32720
32749
32754
32761
32763
